   1.1600000000000001e-01   6.6300000000000003e-01   6.3400000000000001e-01   3.5499999999999998e+00   7.0000000000000007e-02  -1.1500000000000000e-01
   1.1600000000000001e-01   9.4999999999999996e-01  -7.3499999999999999e-01   3.5499999999999998e+00   7.0000000000000007e-02  -1.1500000000000000e-01
   1.1500000000000000e-01   2.2810000000000001e+00  -1.1699999999999999e+00   3.5499999999999998e+00   7.0000000000000007e-02   1.4999999999999999e-01
   1.1600000000000001e-01   3.3210000000000002e+00  -2.3200000000000001e-01   3.5499999999999998e+00   7.0000000000000007e-02  -1.1500000000000000e-01
   1.1600000000000001e-01   3.0259999999999998e+00   1.1310000000000000e+00   3.5499999999999998e+00   7.0000000000000007e-02  -1.1500000000000000e-01
   1.1500000000000000e-01   1.6970000000000001e+00   1.5730000000000000e+00   3.5499999999999998e+00   7.0000000000000007e-02  -1.1500000000000000e-01
   1.1600000000000001e-01  -3.7300000000000000e-01   9.6099999999999997e-01   2.4199999999999999e+00   2.9999999999999999e-02   1.1500000000000000e-01
   1.1600000000000001e-01   1.4199999999999999e-01  -1.4640000000000000e+00   2.4199999999999999e+00   2.9999999999999999e-02   1.1500000000000000e-01
   1.1600000000000001e-01   4.3460000000000001e+00  -5.9299999999999997e-01   2.4199999999999999e+00   2.9999999999999999e-02   1.1500000000000000e-01
   1.1600000000000001e-01   3.8390000000000000e+00   1.8520000000000001e+00   2.4199999999999999e+00   2.9999999999999999e-02   1.1500000000000000e-01
   1.1600000000000001e-01   1.4720000000000000e+00   2.6349999999999998e+00   2.4199999999999999e+00   2.9999999999999999e-02   1.1500000000000000e-01
   1.1600000000000001e-01   2.6299999999999999e+00  -2.4920000000000000e+00   2.0699999999999998e+00   1.7000000000000001e-01  -5.8499999999999996e-01
   1.1600000000000001e-01   1.8190000000000000e+00  -3.0089999999999999e+00   8.0000000000000004e-01   2.9999999999999999e-02   4.3500000000000000e-01
